0.413663
0.413674
0.413690
0.413711
0.413741
0.413786
0.413830
0.413864
0.413885
0.413879
0.413867
0.413853
0.413836
0.413817
0.413797
0.413776
0.413754
0.413731
0.413709
0.413686
0.413664
0.413643
0.413622
0.413603
0.413585
0.413570
0.413556
0.413544
0.413533
0.413523
0.413509
0.413493
0.413479
0.413470
0.413463
0.413459
0.413458
0.413478
0.413494
0.413508
0.413522
0.413534
0.413547
0.413559
0.413571
0.413582
0.413592
0.413602
0.413611
0.413619
0.413626
0.413633
0.413638
0.413644
0.413648
0.413652
0.413656
0.413659
0.413661
0.413663
0.413665
0.413667
0.413668
0.413668
0.413669
0.413668
0.413666
0.413665
0.413663
0.413662
0.413660
0.413659
0.413658
0.413656
0.413655
0.413654
0.413653
0.413652
0.413650
0.413650
0.413649
0.413648
0.413647
0.413646
0.413648
0.413651
0.413652
0.413652
0.413652
0.413652
0.413651
0.413651
0.413651
0.413651
0.413651
0.413651
0.413651
0.413651
0.413651
0.413651
0.413651
0.413651
0.413652
0.413652
0.413652
0.413652
0.413652
0.413653
0.413653
0.413653
0.413654
0.413654
0.413654
0.413655
0.413655
0.413656
0.413656
0.413657
0.413657
0.413658
0.413658
0.413659
0.413659
0.413660
0.413660
0.413661
0.413661
0.413662
0.413662
0.413663
0.413663
0.413664
0.413664
0.413665
0.413666
0.413666
0.413667
0.413667
0.413668
0.413668
0.413669
0.413670
0.413670
0.413671
0.413685
0.413674
0.413673
0.413674
0.413675
0.413677
0.413678
0.413679
0.413680
0.413681
0.413682
0.413682
0.413683
0.413683
0.413684
0.413685
0.413685
0.413699
0.413689
0.413687
0.413688
0.413690
0.413691
0.413692
0.413693
0.413694
0.413661
0.413630
0.413594
0.413551
0.413502
0.413446
0.413374
0.413297
0.413216
0.413131
0.413043
0.412953
0.412868
0.412797
0.412731
0.412666
0.412584
0.412481
0.412370
0.412258
0.412147
0.412035
0.411923
0.411809
0.411695
0.411570
0.411453
0.411340
0.411228
0.411115
0.411000
0.410886
0.410771
0.410657
0.410544
0.410432
0.410322
0.410221
0.410115
0.409996
0.409885
0.409782
0.409682
0.409583
0.409486
0.409389
0.409295
0.409203
0.409137
0.409068
0.408998
0.408929
0.408862
0.408797
0.408730
0.408667
0.408605
0.408546
0.408486
0.408428
0.408372
0.408318
0.408263
0.408473
0.408930
0.409540
0.410231
0.410954
0.411677
0.412376
0.413035
0.413640
0.414184
0.414665
0.415085
0.415447
0.415756
0.416015
0.416230
0.416404
0.416542
0.416646
0.416721
0.416769
0.416793
0.416795
0.416778
0.416743
0.416692
0.416627
0.416549
0.416460
0.416360
0.416251
0.416133
0.416008
0.415875
0.415736
0.415591
0.415441
0.415287
0.415128
0.414965
0.414799
0.414630
0.414457
0.414282
0.414104
0.414120
0.414210
0.414311
0.414411
0.414506
0.414597
0.414685
0.414768
0.414848
0.414925
0.414999
0.415055
0.414995
0.414872
0.414716
0.414549
0.414380
0.414218
0.414066
0.413925
0.413797
0.413680
0.413576
0.413482
0.413398
0.413323
0.413256
0.413196
0.413143
0.413096
0.413054
0.413018
0.412989
0.412962
0.412937
0.412913
0.412891
0.412872
0.412856
0.412842
0.412830
0.412820
0.412811
0.412804
0.412798
0.412793
0.412789
0.412786
0.412784
0.412782
0.412781
0.412781
0.412781
0.412782
0.412783
0.412784
0.412786
0.412787
0.412789
0.412791
0.412793
0.412794
0.412796
0.412796
0.412796
0.412795
0.412792
0.412789
0.412783
0.412776
0.412768
0.412759
0.412748
0.412737
0.412724
0.412712
0.412701
0.412688
0.412673
0.412655
0.412634
0.412608
0.412578
0.412544
0.412505
0.412463
0.412417
0.412367
0.412313
0.412255
0.412321
0.412591
0.412831
0.413060
0.413265
0.413454
0.413623
0.413820
0.413991
0.414156
0.414293
0.414430
0.414547
0.414661
0.414758
0.414855
0.414937
0.415020
0.415089
0.415145
0.415213
0.415273
0.415317
0.415373
0.415414
0.415448
0.415476
0.415501
0.415522
0.415541
0.415557
0.415570
0.415582
0.415591
0.415600
0.415607
0.415614
0.415619
0.415623
0.415625
0.415627
0.415625
0.415550
0.415448
0.415331
0.415208
0.415081
0.414954
0.414827
0.414701
0.414579
0.414459
0.414343
0.414232
0.414124
0.414021
0.413923
0.413830
0.413741
0.413657
0.413577
0.413502
0.413431
0.413364
0.413300
0.413241
0.413184
0.413130
0.413079
0.413030
0.412984
0.412939
0.412895
0.412852
0.412809
0.412768
0.412726
0.412684
0.412641
0.412599
0.412560
0.412523
0.412485
0.412444
0.412398
0.412350
0.412303
0.412256
0.412211
0.412168
0.412124
0.412082
0.412113
0.412226
0.412342
0.412450
0.412548
0.412638
0.412718
0.412790
0.412855
0.412912
0.412962
0.413005
0.413039
0.413068
0.413093
0.413116
0.413138
0.413159
0.413178
0.413195
0.413209
0.413221
0.413231
0.413239
0.413245
0.413249
0.413251
0.413342
0.413501
0.413630
0.413710
0.413790
0.413867
0.413948
0.414027
0.414101
0.414175
0.414246
0.414315
0.414375
0.414432
0.414478
0.414523
0.414551
0.414589
0.414618
0.414639
0.414654
0.414669
0.414685
0.414702
0.414719
0.414735
0.414748
0.414761
0.414772
0.414783
0.414793
0.414803
0.414812
0.414822
0.414832
0.414842
0.414854
0.414870
0.414891
0.414914
0.414938
0.414962
0.414965
0.414866
0.414727
0.414568
0.414402
0.414235
0.414072
0.413917
0.413772
0.413636
0.413511
0.413396
0.413291
0.413196
0.413109
0.413030
0.412958
0.412893
0.412832
0.412776
0.412723
0.412673
0.412626
0.412580
0.412534
0.412490
0.412446
0.412402
0.412359
0.412316
0.412274
0.412233
0.412191
0.412150
0.412108
0.412066
0.412024
0.411981
0.411938
0.411898
0.411860
0.411818
0.411773
0.411725
0.411677
0.411631
0.411585
0.411540
0.411495
0.411450
0.411644
0.411859
0.412068
0.412264
0.412446
0.412615
0.412772
0.412918
0.413053
0.413178
0.413295
0.413404
0.413505
0.413598
0.413678
0.413752
0.413822
0.413889
0.413953
0.414014
0.414072
0.414127
0.414178
0.414228
0.414277
0.414325
0.414373
0.414420
0.414465
0.414510
0.414553
0.414594
0.414634
0.414673
0.414710
0.414746
0.414780
0.414807
0.414830
0.414854
0.414874
0.414915
0.414968
0.415020
0.415068
0.415109
0.415145
0.415176
0.415206
0.415235
0.415258
0.415289
0.415311
0.415332
0.415347
0.415360
0.415370
0.415379
0.415386
0.415390
0.415392
0.415391
0.415388
0.415383
0.415377
0.415368
0.415357
0.415347
0.415336
0.415326
0.415318
0.415227
0.415107
0.414975
0.414838
0.414698
0.414558
0.414419
0.414281
0.414146
0.414014
0.413886
0.413763
0.413644
0.413531
0.413423
0.413320
0.413223
0.413130
0.413043
0.412962
0.412885
0.412812
0.412744
0.412679
0.412619
0.412561
0.412507
0.412454
0.412404
0.412355
0.412308
0.412266
0.412225
0.412186
0.412146
0.412106
0.412065
0.412023
0.411979
0.411935
0.412022
0.412120
0.412217
0.412310
0.412400
0.412486
0.412567
0.412645
0.412718
0.412787
0.412851
0.412912
0.412969
0.413022
0.413071
0.413116
0.413157
0.413194
0.413227
0.413256
0.413281
0.413301
0.413311
0.413316
0.413318
0.413318
0.413317
0.413314
0.413310
0.413305
0.413291
0.413271
0.413250
0.413230
0.413210
0.413189
0.413205
0.413359
0.413496
0.413593
0.413639
0.413634
0.413650
0.413735
0.413826
0.413910
0.413988
0.414062
0.414131
0.414197
0.414258
0.414316
0.414367
0.414415
0.414451
0.414473
0.414489
0.414503
0.414520
0.414539
0.414558
0.414574
0.414588
0.414599
0.414610
0.414619
0.414627
0.414634
0.414641
0.414647
0.414653
0.414660
0.414666
0.414673
0.414686
0.414703
0.414722
0.414743
0.414764
0.414771
0.414673
0.414534
0.414374
0.414206
0.414037
0.413872
0.413714
0.413566
0.413428
0.413300
0.413182
0.413075
0.412977
0.412887
0.412806
0.412731
0.412663
0.412600
0.412541
0.412486
0.412434
0.412384
0.412335
0.412288
0.412241
0.412195
0.412149
0.412103
0.412058
0.412014
0.411970
0.411926
0.411882
0.411838
0.411794
0.411749
0.411704
0.411661
0.411620
0.411580
0.411536
0.411486
0.411435
0.411383
0.411332
0.411282
0.411232
0.411424
0.411638
0.411847
0.412044
0.412226
0.412396
0.412553
0.412699
0.412835
0.412961
0.413079
0.413189
0.413292
0.413388
0.413477
0.413559
0.413630
0.413696
0.413757
0.413816
0.413874
0.413929
0.413981
0.414030
0.414078
0.414123
0.414168
0.414213
0.414257
0.414300
0.414341
0.414382
0.414421
0.414458
0.414494
0.414528
0.414560
0.414590
0.414614
0.414636
0.414658
0.414679
0.414697
0.414728
0.414776
0.414825
0.414866
0.414903
0.414936
0.414967
0.414995
0.415016
0.415047
0.415068
0.415091
0.415107
0.415118
0.415129
0.415137
0.415143
0.415147
0.415149
0.415148
0.415145
0.415139
0.415132
0.415122
0.415110
0.415097
0.415084
0.415070
0.415057
0.415047
0.414953
0.414829
0.414693
0.414553
0.414411
0.414268
0.414125
0.413984
0.413846
0.413711
0.413580
0.413454
0.413332
0.413215
0.413103
0.412997
0.412896
0.412800
0.412710
0.412624
0.412544
0.412467
0.412395
0.412327
0.412263
0.412201
0.412142
0.412086
0.412031
0.411983
0.411937
0.411892
0.411848
0.411803
0.411757
0.411711
0.411800
0.411910
0.412024
0.412133
0.412234
0.412319
0.412393
0.412460
0.412523
0.412583
0.412641
0.412697
0.412750
0.412800
0.412848
0.412893
0.412935
0.412974
0.413010
0.413043
0.413073
0.413098
0.413121
0.413140
0.413155
0.413165
0.413167
0.413164
0.413155
0.413142
0.413127
0.413112
0.413096
0.413080
0.413063
0.413044
0.413025
0.413005
0.412986
0.412965
0.413074
0.413212
0.413331
0.413410
0.413442
0.413416
0.413396
0.413446
0.413518
0.413603
0.413687
0.413768
0.413846
0.413920
0.413990
0.414055
0.414116
0.414171
0.414220
0.414264
0.414297
0.414321
0.414343
0.414361
0.414377
0.414389
0.414398
0.414405
0.414410
0.414412
0.414414
0.414413
0.414412
0.414411
0.414409
0.414407
0.414382
0.414358
0.414342
0.414333
0.414331
0.414333
0.414325
0.414309
0.414201
0.414047
0.413871
0.413684
0.413495
0.413319
0.413156
0.413004
0.412864
0.412735
0.412616
0.412508
0.412409
0.412318
0.412235
0.412159
0.412088
0.412022
0.411960
0.411901
0.411845
0.411791
0.411738
0.411686
0.411634
0.411584
0.411534
0.411485
0.411437
0.411389
0.411341
0.411293
0.411244
0.411195
0.411146
0.411099
0.411053
0.411008
0.410962
0.410915
0.410864
0.410807
0.410747
0.410931
0.411142
0.411349
0.411543
0.411725
0.411894
0.412051
0.412197
0.412334
0.412461
0.412580
0.412691
0.412795
0.412893
0.412984
0.413070
0.413150
0.413226
0.413296
0.413361
0.413416
0.413466
0.413515
0.413562
0.413610
0.413655
0.413700
0.413742
0.413783
0.413822
0.413861
0.413899
0.413937
0.413974
0.414010
0.414045
0.414078
0.414108
0.414131
0.414152
0.414171
0.414191
0.414209
0.414227
0.414244
0.414258
0.414287
0.414335
0.414380
0.414422
0.414461
0.414495
0.414525
0.414551
0.414575
0.414592
0.414614
0.414630
0.414646
0.414659
0.414669
0.414677
0.414682
0.414685
0.414687
0.414686
0.414682
0.414675
0.414667
0.414657
0.414645
0.414631
0.414616
0.414601
0.414585
0.414571
0.414558
0.414444
0.414296
0.414134
0.413969
0.413803
0.413649
0.413499
0.413352
0.413209
0.413069
0.412932
0.412800
0.412672
0.412548
0.412429
0.412315
0.412205
0.412100
0.412000
0.411904
0.411812
0.411724
0.411639
0.411558
0.411484
0.411415
0.411347
0.411425
0.411535
0.411651
0.411763
0.411867
0.411962
0.412048
0.412126
0.412196
0.412260
0.412317
0.412367
0.412413
0.412454
0.412484
0.412506
0.412526
0.412546
0.412567
0.412588
0.412609
0.412631
0.412653
0.412673
0.412693
0.412710
0.412713
0.412710
0.412707
0.412704
0.412702
0.412699
0.412695
0.412690
0.412682
0.412668
0.412654
0.412642
0.412630
0.412617
0.412604
0.412589
0.412573
0.412556
0.412537
0.412518
0.412498
0.412478
0.412601
0.412748
0.412869
0.412943
0.412964
0.413041
0.413118
0.413173
0.413201
0.413170
0.413160
0.413246
0.413357
0.413471
0.413593
0.413713
0.413825
0.413928
0.414019
0.414097
0.414161
0.414209
0.414243
0.414260
0.414260
0.414243
0.414207
0.414155
0.414085
0.413998
0.413951
0.413931
0.413894
0.413849
0.413820
0.413803
0.413788
0.413773
0.413757
0.413747
0.413738
0.413729
0.413721
0.413715
0.413706
0.413664
0.413628
0.413586
0.413537
0.413476
0.413406
0.413332
0.413256
0.413180
0.413104
0.413044
0.412978
0.412914
0.412856
0.412803
0.412757
0.412717
0.412684
0.412656
0.412633
0.412615
0.412602
0.412594
0.412589
0.412587
0.412588
0.412591
0.412600
0.412611
0.412625
0.412639
0.412654
0.412669
0.412685
0.412701
0.412705
0.412715
0.412729
0.412743
0.412758
0.412768
0.412773
0.412780
0.412790
0.412804
0.412822
0.412842
0.412876
0.412901
0.412924
0.412948
0.412973
0.412999
0.413027
0.413055
0.413084
0.413114
0.413144
0.413173
0.413202
0.413230
0.413246
0.413270
0.413288
0.413306
0.413326
0.413347
0.413369
0.413403
0.413434
0.413452
0.413465
0.413476
0.413488
0.413500
0.413511
0.413522
0.413521
0.413531
0.413542
0.413552
0.413562
0.413571
0.413579
0.413585
0.413590
0.413592
0.413592
0.413588
0.413582
0.413573
0.413562
0.413549
0.413533
0.413515
0.413561
0.413602
0.413635
0.413666
0.413690
0.413709
0.413725
0.413739
0.413751
0.413761
0.413770
0.413773
0.413774
0.413773
0.413770
0.413767
0.413762
0.413756
0.413750
0.413743
0.413736
0.413725
0.413712
0.413701
0.413692
0.413603
0.413485
0.413352
0.413211
0.413065
0.412917
0.412769
0.412648
0.412532
0.412415
0.412296
0.412176
0.412056
0.411936
0.411818
0.411702
0.411590
0.411481
0.411379
0.411367
0.411372
0.411381
0.411391
0.411477
0.411572
0.411665
0.411754
0.411837
0.411917
0.411991
0.412062
0.412128
0.412189
0.412245
0.412297
0.412343
0.412384
0.412408
0.412420
0.412423
0.412424
0.412421
0.412415
0.412410
0.412420
0.412435
0.412450
0.412450
0.412444
0.412438
0.412434
0.412431
0.412429
0.412427
0.412414
0.412408
0.412407
0.412406
0.412403
0.412398
0.412391
0.412382
0.412366
0.412349
0.412332
0.412316
0.412299
0.412284
0.412267
0.412247
0.412226
0.412203
0.412180
0.412157
0.412145
0.412410
0.412636
0.412807
0.412920
0.413087
0.413237
0.413351
0.413394
0.413353
0.413230
0.413101
0.412992
0.413084
0.413224
0.413384
0.413547
0.413703
0.413849
0.413982
0.414102
0.414205
0.414291
0.414358
0.414404
0.414431
0.414436
0.414421
0.414386
0.414331
0.414256
0.414161
0.414112
0.414089
0.414066
0.414019
0.413951
0.413899
0.413865
0.413836
0.413815
0.413798
0.413783
0.413773
0.413768
0.413762
0.413691
0.413646
0.413602
0.413555
0.413502
0.413438
0.413367
0.413293
0.413218
0.413142
0.413082
0.413017
0.412953
0.412894
0.412841
0.412794
0.412754
0.412720
0.412691
0.412669
0.412652
0.412639
0.412631
0.412627
0.412627
0.412629
0.412634
0.412644
0.412660
0.412676
0.412692
0.412710
0.412728
0.412747
0.412766
0.412785
0.412805
0.412824
0.412829
0.412840
0.412846
0.412846
0.412849
0.412858
0.412872
0.412888
0.412919
0.412953
0.412982
0.413009
0.413035
0.413062
0.413091
0.413120
0.413150
0.413181
0.413211
0.413242
0.413273
0.413303
0.413332
0.413361
0.413387
0.413393
0.413408
0.413427
0.413448
0.413481
0.413514
0.413536
0.413552
0.413567
0.413581
0.413595
0.413609
0.413623
0.413635
0.413647
0.413647
0.413657
0.413667
0.413678
0.413688
0.413697
0.413705
0.413711
0.413716
0.413719
0.413720
0.413718
0.413712
0.413704
0.413692
0.413678
0.413659
0.413639
0.413615
0.413617
0.413635
0.413657
0.413682
0.413704
0.413724
0.413743
0.413760
0.413776
0.413790
0.413800
0.413807
0.413813
0.413816
0.413818
0.413818
0.413817
0.413814
0.413809
0.413803
0.413797
0.413792
0.413788
0.413706
0.413594
0.413466
0.413329
0.413188
0.413044
0.412900
0.412757
0.412614
0.412474
0.412336
0.412201
0.412068
0.411939
0.411826
0.411718
0.411614
0.411513
0.411414
0.411317
0.411225
0.411141
0.411063
0.410993
0.411026
0.411071
0.411116
0.411156
0.411192
0.411224
0.411339
0.411461
0.411577
0.411684
0.411782
0.411872
0.411955
0.412030
0.412098
0.412161
0.412218
0.412264
0.412302
0.412337
0.412370
0.412402
0.412428
0.412449
0.412471
0.412482
0.412479
0.412471
0.412465
0.412460
0.412457
0.412454
0.412438
0.412426
0.412422
0.412422
0.412422
0.412421
0.412412
0.412402
0.412390
0.412378
0.412365
0.412352
0.412338
0.412322
0.412305
0.412286
0.412267
0.412247
0.412227
0.412381
0.412543
0.412673
0.412756
0.412888
0.413003
0.413083
0.413123
0.413112
0.413082
0.413023
0.413109
0.413228
0.413355
0.413490
0.413623
0.413748
0.413863
0.413964
0.414050
0.414121
0.414174
0.414212
0.414231
0.414232
0.414214
0.414177
0.414122
0.414073
0.414061
0.414059
0.414054
0.414046
0.414008
0.413963
0.413920
0.413880
0.413841
0.413811
0.413793
0.413776
0.413763
0.413754
0.413741
0.413726
0.413681
0.413643
0.413600
0.413552
0.413492
0.413424
0.413351
0.413275
0.413198
0.413121
0.413045
0.412988
0.412925
0.412863
0.412807
0.412758
0.412715
0.412678
0.412647
0.412622
0.412603
0.412588
0.412578
0.412572
0.412569
0.412570
0.412573
0.412583
0.412595
0.412609
0.412624
0.412640
0.412656
0.412673
0.412690
0.412707
0.412712
0.412723
0.412737
0.412753
0.412763
0.412768
0.412775
0.412786
0.412801
0.412819
0.412840
0.412874
0.412905
0.412930
0.412955
0.412981
0.413008
0.413036
0.413066
0.413096
0.413126
0.413156
0.413186
0.413216
0.413245
0.413274
0.413289
0.413306
0.413323
0.413342
0.413363
0.413386
0.413420
0.413454
0.413475
0.413490
0.413502
0.413515
0.413528
0.413541
0.413552
0.413552
0.413563
0.413574
0.413586
0.413596
0.413606
0.413615
0.413622
0.413627
0.413630
0.413631
0.413629
0.413624
0.413616
0.413606
0.413593
0.413577
0.413559
0.413561
0.413587
0.413619
0.413646
0.413670
0.413693
0.413715
0.413731
0.413747
0.413758
0.413769
0.413776
0.413779
0.413780
0.413779
0.413778
0.413776
0.413775
0.413772
0.413768
0.413761
0.413752
0.413743
0.413735
0.413729
0.413644
0.413528
0.413397
0.413258
0.413114
0.412968
0.412821
0.412674
0.412529
0.412386
0.412244
0.412123
0.412006
0.411892
0.411780
0.411669
0.411561
0.411457
0.411357
0.411261
0.411259
0.411273
0.411293
0.411313
0.411409
0.411514
0.411615
0.411710
0.411800
0.411884
0.411963
0.412037
0.412105
0.412167
0.412224
0.412276
0.412324
0.412362
0.412384
0.412392
0.412398
0.412399
0.412396
0.412395
0.412407
0.412424
0.412443
0.412446
0.412439
0.412431
0.412426
0.412423
0.412420
0.412417
0.412414
0.412401
0.412394
0.412392
0.412390
0.412386
0.412380
0.412371
0.412354
0.412337
0.412321
0.412304
0.412288
0.412273
0.412256
0.412237
0.412216
0.412193
0.412170
0.412147
0.412219
0.412375
0.412543
0.412684
0.412765
0.412807
0.412856
0.412948
0.413049
0.413134
0.413210
0.413280
0.413359
0.413434
0.413502
0.413564
0.413617
0.413663
0.413700
0.413722
0.413736
0.413747
0.413760
0.413776
0.413774
0.413767
0.413758
0.413751
0.413746
0.413742
0.413740
0.413740
0.413742
0.413745
0.413750
0.413757
0.413765
0.413774
0.413785
0.413797
0.413815
0.413838
0.413864
0.413890
0.413915
0.413938
0.413843
0.413712
0.413562
0.413403
0.413241
0.413080
0.412924
0.412772
0.412637
0.412515
0.412404
0.412302
0.412210
0.412126
0.412049
0.411976
0.411907
0.411841
0.411777
0.411714
0.411651
0.411588
0.411525
0.411461
0.411397
0.411331
0.411265
0.411199
0.411133
0.411066
0.410999
0.410931
0.410862
0.410796
0.410732
0.410667
0.410602
0.410536
0.410715
0.410920
0.411113
0.411287
0.411448
0.411598
0.411738
0.411869
0.411992
0.412108
0.412216
0.412318
0.412414
0.412505
0.412591
0.412672
0.412748
0.412821
0.412889
0.412954
0.413015
0.413073
0.413128
0.413180
0.413229
0.413269
0.413307
0.413344
0.413381
0.413419
0.413456
0.413493
0.413527
0.413561
0.413593
0.413625
0.413658
0.413688
0.413711
0.413732
0.413753
0.413773
0.413794
0.413813
0.413832
0.413850
0.413868
0.413884
0.413900
0.413914
0.413925
0.413948
0.413989
0.414031
0.414068
0.414101
0.414133
0.414162
0.414187
0.414210
0.414225
0.414241
0.414254
0.414267
0.414278
0.414287
0.414294
0.414299
0.414300
0.414299
0.414296
0.414291
0.414261
0.414233
0.414206
0.414180
0.414153
0.414128
0.414104
0.414081
0.414062
0.414047
0.413954
0.413831
0.413697
0.413554
0.413406
0.413257
0.413108
0.412960
0.412813
0.412669
0.412528
0.412390
0.412256
0.412133
0.412018
0.411909
0.411806
0.411708
0.411614
0.411525
0.411440
0.411359
0.411281
0.411206
0.411133
0.411062
0.410995
0.411066
0.411165
0.411272
0.411376
0.411474
0.411564
0.411647
0.411722
0.411791
0.411853
0.411910
0.411962
0.412010
0.412053
0.412086
0.412110
0.412133
0.412155
0.412178
0.412201
0.412225
0.412249
0.412272
0.412305
0.412338
0.412369
0.412375
0.412368
0.412360
0.412345
0.412338
0.412336
0.412335
0.412331
0.412323
0.412309
0.412294
0.412280
0.412267
0.412253
0.412239
0.412223
0.412205
0.412186
0.412166
0.412145
0.412124
0.412098
0.412322
0.412516
0.412660
0.412849
0.413009
0.413120
0.413186
0.413205
0.413181
0.413138
0.413066
0.413147
0.413262
0.413386
0.413520
0.413652
0.413777
0.413890
0.413991
0.414078
0.414148
0.414202
0.414238
0.414257
0.414257
0.414239
0.414202
0.414145
0.414094
0.414082
0.414081
0.414072
0.414052
0.414010
0.413965
0.413925
0.413886
0.413853
0.413831
0.413815
0.413802
0.413795
0.413792
0.413788
0.413774
0.413701
0.413658
0.413616
0.413570
0.413512
0.413446
0.413375
0.413300
0.413224
0.413148
0.413089
0.413023
0.412959
0.412899
0.412846
0.412800
0.412759
0.412725
0.412696
0.412673
0.412655
0.412642
0.412633
0.412628
0.412626
0.412627
0.412631
0.412640
0.412657
0.412672
0.412687
0.412703
0.412720
0.412737
0.412754
0.412771
0.412789
0.412792
0.412802
0.412816
0.412824
0.412826
0.412831
0.412841
0.412855
0.412881
0.412910
0.412935
0.412959
0.412984
0.413010
0.413037
0.413066
0.413095
0.413125
0.413155
0.413186
0.413217
0.413247
0.413277
0.413307
0.413335
0.413350
0.413367
0.413385
0.413404
0.413437
0.413471
0.413496
0.413514
0.413531
0.413545
0.413560
0.413574
0.413588
0.413602
0.413615
0.413627
0.413627
0.413636
0.413646
0.413656
0.413665
0.413674
0.413682
0.413688
0.413693
0.413695
0.413696
0.413693
0.413688
0.413680
0.413669
0.413655
0.413639
0.413620
0.413603
0.413642
0.413672
0.413696
0.413724
0.413748
0.413767
0.413785
0.413801
0.413812
0.413827
0.413836
0.413844
0.413847
0.413849
0.413849
0.413848
0.413846
0.413841
0.413835
0.413827
0.413818
0.413811
0.413806
0.413723
0.413609
0.413480
0.413343
0.413201
0.413057
0.412913
0.412769
0.412627
0.412487
0.412349
0.412214
0.412083
0.411954
0.411830
0.411722
0.411619
0.411521
0.411424
0.411329
0.411241
0.411158
0.411082
0.411015
0.411049
0.411095
0.411141
0.411182
0.411219
0.411252
0.411365
0.411486
0.411601
0.411707
0.411804
0.411894
0.411975
0.412050
0.412118
0.412180
0.412236
0.412282
0.412320
0.412355
0.412388
0.412419
0.412449
0.412468
0.412486
0.412501
0.412501
0.412493
0.412485
0.412480
0.412476
0.412472
0.412454
0.412448
0.412447
0.412449
0.412450
0.412449
0.412440
0.412429
0.412418
0.412406
0.412393
0.412380
0.412366
0.412350
0.412333
0.412314
0.412295
0.412275
0.412255
0.412366
0.412527
0.412676
0.412799
0.412892
0.412976
0.413062
0.413145
0.413222
0.413295
0.413363
0.413422
0.413491
0.413555
0.413607
0.413652
0.413684
0.413712
0.413730
0.413740
0.413748
0.413758
0.413755
0.413751
0.413747
0.413746
0.413746
0.413747
0.413750
0.413755
0.413761
0.413768
0.413777
0.413786
0.413798
0.413810
0.413823
0.413837
0.413852
0.413873
0.413898
0.413925
0.413950
0.413973
0.413993
0.413896
0.413769
0.413626
0.413473
0.413318
0.413163
0.413012
0.412876
0.412751
0.412638
0.412534
0.412439
0.412350
0.412267
0.412188
0.412112
0.412040
0.411969
0.411899
0.411830
0.411761
0.411691
0.411621
0.411551
0.411479
0.411407
0.411334
0.411261
0.411189
0.411116
0.411043
0.410969
0.410898
0.410829
0.410760
0.410691
0.410621
0.410796
0.410994
0.411184
0.411355
0.411506
0.411646
0.411776
0.411899
0.412014
0.412124
0.412227
0.412324
0.412417
0.412505
0.412588
0.412668
0.412745
0.412818
0.412888
0.412955
0.413020
0.413082
0.413142
0.413199
0.413253
0.413305
0.413347
0.413388
0.413427
0.413467
0.413507
0.413546
0.413585
0.413622
0.413657
0.413691
0.413726
0.413760
0.413794
0.413828
0.413860
0.413891
0.413920
0.413943
0.413966
0.413988
0.414009
0.414030
0.414050
0.414068
0.414084
0.414097
0.414109
0.414117
0.414125
0.414159
0.414195
0.414228
0.414258
0.414283
0.414308
0.414328
0.414343
0.414356
0.414368
0.414378
0.414387
0.414395
0.414402
0.414406
0.414409
0.414410
0.414408
0.414406
0.414401
0.414395
0.414387
0.414356
0.414324
0.414294
0.414265
0.414241
0.414220
0.414126
0.414004
0.413871
0.413733
0.413592
0.413449
0.413306
0.413163
0.413022
0.412890
0.412764
0.412643
0.412526
0.412414
0.412307
0.412204
0.412102
0.412004
0.411909
0.411818
0.411730
0.411646
0.411565
0.411491
0.411419
0.411350
0.411282
0.411215
0.411153
0.411222
0.411316
0.411416
0.411511
0.411601
0.411683
0.411758
0.411827
0.411890
0.411948
0.412001
0.412050
0.412088
0.412117
0.412145
0.412182
0.412223
0.412264
0.412304
0.412343
0.412379
0.412413
0.412444
0.412472
0.412488
0.412487
0.412480
0.412474
0.412458
0.412450
0.412447
0.412443
0.412436
0.412422
0.412406
0.412389
0.412373
0.412358
0.412344
0.412330
0.412316
0.412300
0.412280
0.412260
0.412240
0.412219
0.412369
0.412529
0.412658
0.412739
0.412770
0.412765
0.412882
0.412987
0.413021
0.413012
0.413100
0.413215
0.413334
0.413458
0.413580
0.413695
0.413802
0.413898
0.413981
0.414049
0.414098
0.414128
0.414145
0.414149
0.414137
0.414108
0.414061
0.413997
0.413952
0.413936
0.413928
0.413897
0.413862
0.413823
0.413789
0.413767
0.413745
0.413726
0.413708
0.413694
0.413683
0.413681
0.413682
0.413681
0.413699
0.413666
0.413636
0.413594
0.413541
0.413479
0.413409
0.413335
0.413261
0.413183
0.413106
0.413031
0.412976
0.412912
0.412848
0.412790
0.412739
0.412694
0.412656
0.412626
0.412601
0.412581
0.412566
0.412556
0.412550
0.412548
0.412549
0.412552
0.412557
0.412568
0.412583
0.412596
0.412610
0.412625
0.412640
0.412643
0.412661
0.412680
0.412697
0.412714
0.412731
0.412743
0.412752
0.412761
0.412774
0.412788
0.412803
0.412819
0.412836
0.412854
0.412874
0.412895
0.412917
0.412941
0.412966
0.412999
0.413024
0.413046
0.413069
0.413092
0.413116
0.413140
0.413157
0.413182
0.413205
0.413226
0.413248
0.413269
0.413291
0.413311
0.413331
0.413350
0.413367
0.413384
0.413399
0.413422
0.413434
0.413442
0.413443
0.413454
0.413466
0.413478
0.413489
0.413498
0.413505
0.413511
0.413514
0.413516
0.413515
0.413511
0.413505
0.413496
0.413484
0.413467
0.413460
0.413480
0.413507
0.413534
0.413559
0.413580
0.413599
0.413616
0.413631
0.413644
0.413656
0.413665
0.413671
0.413676
0.413681
0.413684
0.413687
0.413690
0.413693
0.413696
0.413699
0.413702
0.413704
0.413707
0.413726
0.413742
0.413757
0.413708
0.413633
0.413542
0.413438
0.413326
0.413206
0.413080
0.412951
0.412818
0.412684
0.412549
0.412415
0.412282
0.412153
0.412027
0.411904
0.411788
0.411676
0.411566
0.411460
0.411362
0.411272
0.411192
0.411123
0.411150
0.411192
0.411232
0.411270
0.411303
0.411333
0.411358
0.411380
0.411399
0.411415
0.411429
0.411440
0.411451
0.411460
0.411468
0.411475
0.411481
0.411568
0.411662
0.411752
0.411836
0.411916
0.411990
0.412060
0.412125
0.412186
0.412242
0.412295
0.412344
0.412389
0.412431
0.412470
0.412497
0.412515
0.412527
0.412534
0.412538
0.412538
0.412531
0.412521
0.412511
0.412500
0.412489
0.412477
0.412464
0.412451
0.412435
0.412419
0.412401
0.412383
0.412365
0.412346
0.412488
0.412625
0.412755
0.412867
0.412957
0.413035
0.413111
0.413186
0.413253
0.413320
0.413382
0.413438
0.413499
0.413552
0.413600
0.413634
0.413667
0.413689
0.413702
0.413710
0.413704
0.413700
0.413698
0.413699
0.413702
0.413705
0.413710
0.413716
0.413723
0.413731
0.413741
0.413751
0.413762
0.413774
0.413788
0.413801
0.413816
0.413831
0.413852
0.413877
0.413904
0.413929
0.413952
0.413973
0.413876
0.413747
0.413599
0.413443
0.413285
0.413127
0.412973
0.412834
0.412706
0.412589
0.412480
0.412381
0.412290
0.412206
0.412127
0.412052
0.411979
0.411910
0.411841
0.411774
0.411707
0.411640
0.411572
0.411504
0.411435
0.411366
0.411297
0.411227
0.411158
0.411088
0.411018
0.410947
0.410880
0.410814
0.410749
0.410683
0.410616
0.410548
0.410728
0.410934
0.411128
0.411303
0.411465
0.411616
0.411757
0.411889
0.412013
0.412130
0.412239
0.412342
0.412439
0.412531
0.412617
0.412699
0.412776
0.412849
0.412919
0.412984
0.413047
0.413105
0.413160
0.413212
0.413261
0.413302
0.413340
0.413377
0.413415
0.413454
0.413491
0.413528
0.413564
0.413598
0.413631
0.413664
0.413698
0.413729
0.413753
0.413775
0.413797
0.413819
0.413840
0.413861
0.413881
0.413901
0.413920
0.413938
0.413954
0.413970
0.413984
0.413993
0.414049
0.414098
0.414142
0.414176
0.414208
0.414237
0.414263
0.414287
0.414305
0.414318
0.414330
0.414340
0.414350
0.414357
0.414362
0.414364
0.414365
0.414363
0.414359
0.414354
0.414346
0.414313
0.414282
0.414252
0.414223
0.414194
0.414168
0.414142
0.414121
0.414103
0.414009
0.413884
0.413749
0.413607
0.413462
0.413315
0.413166
0.413017
0.412870
0.412725
0.412583
0.412445
0.412317
0.412197
0.412084
0.411976
0.411873
0.411775
0.411682
0.411594
0.411509
0.411427
0.411349
0.411274
0.411201
0.411130
0.411064
0.410993
0.411064
0.411163
0.411269
0.411372
0.411470
0.411560
0.411642
0.411718
0.411786
0.411849
0.411906
0.411957
0.412005
0.412041
0.412069
0.412095
0.412120
0.412146
0.412172
0.412198
0.412224
0.412259
0.412296
0.412331
0.412363
0.412377
0.412373
0.412364
0.412347
0.412338
0.412334
0.412332
0.412327
0.412318
0.412302
0.412286
0.412271
0.412256
0.412241
0.412226
0.412209
0.412190
0.412170
0.412149
0.412127
0.412105
0.412090
0.412352
0.412573
0.412737
0.412943
0.413118
0.413241
0.413318
0.413341
0.413286
0.413185
0.413092
0.412984
0.413074
0.413213
0.413376
0.413543
0.413705
0.413856
0.413994
0.414115
0.414220
0.414308
0.414378
0.414428
0.414457
0.414465
0.414447
0.414411
0.414357
0.414284
0.414193
0.414129
0.414097
0.414070
0.414007
0.413929
0.413889
0.413856
0.413828
0.413807
0.413792
0.413779
0.413779
0.413771
0.413756
0.413691
0.413646
0.413601
0.413553
0.413498
0.413432
0.413360
0.413285
0.413209
0.413133
0.413073
0.413007
0.412943
0.412884
0.412832
0.412786
0.412746
0.412713
0.412686
0.412664
0.412648
0.412637
0.412631
0.412628
0.412629
0.412633
0.412640
0.412651
0.412668
0.412686
0.412704
0.412723
0.412742
0.412762
0.412782
0.412803
0.412823
0.412844
0.412865
0.412870
0.412872
0.412868
0.412868
0.412875
0.412887
0.412903
0.412934
0.412969
0.413004
0.413032
0.413060
0.413088
0.413117
0.413147
0.413178
0.413209
0.413241
0.413272
0.413303
0.413334
0.413364
0.413393
0.413420
0.413440
0.413460
0.413465
0.413483
0.413514
0.413542
0.413563
0.413581
0.413596
0.413611
0.413626
0.413641
0.413655
0.413658
0.413670
0.413685
0.413699
0.413714
0.413728
0.413741
0.413764
0.413778
0.413780
0.413767
0.413765
0.413763
0.413759
0.413752
0.413742
0.413727
0.413709
0.413687
0.413661
0.413632
0.413611
0.413629
0.413651
0.413671
0.413693
0.413713
0.413731
0.413748
0.413765
0.413780
0.413790
0.413797
0.413803
0.413806
0.413808
0.413808
0.413806
0.413803
0.413799
0.413793
0.413786
0.413781
0.413778
0.413696
0.413584
0.413456
0.413319
0.413178
0.413035
0.412891
0.412747
0.412605
0.412464
0.412326
0.412190
0.412071
0.411958
0.411848
0.411741
0.411636
0.411533
0.411435
0.411336
0.411242
0.411154
0.411074
0.411093
0.411132
0.411172
0.411209
0.411242
0.411272
0.411383
0.411502
0.411614
0.411718
0.411813
0.411901
0.411981
0.412054
0.412121
0.412182
0.412238
0.412288
0.412329
0.412362
0.412392
0.412413
0.412425
0.412443
0.412464
0.412479
0.412480
0.412473
0.412467
0.412463
0.412461
0.412459
0.412457
0.412444
0.412437
0.412433
0.412430
0.412425
0.412418
0.412405
0.412387
0.412369
0.412350
0.412330
0.412311
0.412291
0.412269
0.412245
0.412231
0.412216
0.412199
0.412181
0.412344
0.412507
0.412635
0.412715
0.412744
0.412914
0.413058
0.413142
0.413145
0.413115
0.413044
0.413131
0.413251
0.413378
0.413516
0.413651
0.413779
0.413896
0.413999
0.414091
0.414167
0.414226
0.414267
0.414290
0.414294
0.414280
0.414246
0.414194
0.414124
0.414036
0.413983
0.413959
0.413918
0.413868
0.413837
0.413814
0.413790
0.413768
0.413750
0.413739
0.413728
0.413719
0.413712
0.413703
0.413692
0.413651
0.413614
0.413572
0.413524
0.413464
0.413397
0.413326
0.413251
0.413175
0.413100
0.413026
0.412971
0.412910
0.412850
0.412796
0.412749
0.412708
0.412674
0.412646
0.412623
0.412606
0.412594
0.412586
0.412582
0.412581
0.412583
0.412588
0.412598
0.412615
0.412631
0.412647
0.412663
0.412681
0.412699
0.412717
0.412735
0.412740
0.412751
0.412766
0.412781
0.412792
0.412796
0.412803
0.412814
0.412828
0.412846
0.412867
0.412902
0.412936
0.412964
0.412989
0.413015
0.413043
0.413072
0.413101
0.413132
0.413162
0.413193
0.413223
0.413254
0.413283
0.413312
0.413327
0.413344
0.413362
0.413381
0.413403
0.413426
0.413461
0.413494
0.413514
0.413528
0.413541
0.413554
0.413567
0.413579
0.413591
0.413602
0.413601
0.413610
0.413620
0.413629
0.413638
0.413646
0.413652
0.413657
0.413660
0.413661
0.413659
0.413654
0.413646
0.413636
0.413622
0.413605
0.413585
0.413560
0.413569
0.413592
0.413614
0.413639
0.413663
0.413687
0.413706
0.413723
0.413736
0.413748
0.413758
0.413765
0.413768
0.413769
0.413768
0.413768
0.413767
0.413763
0.413759
0.413752
0.413744
0.413735
0.413728
0.413723
0.413638
0.413524
0.413393
0.413254
0.413110
0.412964
0.412818
0.412671
0.412526
0.412383
0.412260
0.412143
0.412028
0.411913
0.411800
0.411689
0.411581
0.411476
0.411376
0.411366
0.411374
0.411385
0.411398
0.411486
0.411583
0.411677
0.411766
0.411850
0.411930
0.412005
0.412075
0.412140
0.412200
0.412255
0.412305
0.412350
0.412387
0.412408
0.412415
0.412427
0.412432
0.412428
0.412418
0.412410
0.412419
0.412435
0.412453
0.412467
0.412467
0.412460
0.412453
0.412448
0.412444
0.412441
0.412437
0.412423
0.412415
0.412412
0.412409
0.412404
0.412397
0.412386
0.412369
0.412350
0.412332
0.412313
0.412295
0.412278
0.412260
0.412240
0.412218
0.412194
0.412169
0.412145
0.412214
0.412372
0.412540
0.412679
0.412759
0.412808
0.412860
0.412952
0.413054
0.413140
0.413216
0.413287
0.413365
0.413440
0.413508
0.413569
0.413622
0.413669
0.413707
0.413729
0.413743
0.413753
0.413766
0.413781
0.413781
0.413775
0.413768
0.413761
0.413756
0.413753
0.413752
0.413753
0.413756
0.413760
0.413766
0.413773
0.413782
0.413792
0.413803
0.413816
0.413834
0.413858
0.413884
0.413910
0.413934
0.413957
0.413862
0.413732
0.413583
0.413425
0.413264
0.413105
0.412950
0.412799
0.412666
0.412546
0.412436
0.412335
0.412244
0.412161
0.412085
0.412013
0.411944
0.411878
0.411814
0.411751
0.411688
0.411625
0.411562
0.411498
0.411433
0.411366
0.411300
0.411233
0.411166
0.411098
0.411030
0.410962
0.410896
0.410832
0.410767
0.410703
0.410637
0.410570
0.410749
0.410952
0.411145
0.411318
0.411478
0.411627
0.411767
0.411898
0.412021
0.412136
0.412244
0.412346
0.412442
0.412533
0.412619
0.412700
0.412776
0.412849
0.412917
0.412983
0.413044
0.413102
0.413157
0.413209
0.413258
0.413299
0.413337
0.413374
0.413412
0.413451
0.413488
0.413525
0.413560
0.413594
0.413627
0.413660
0.413693
0.413722
0.413746
0.413767
0.413789
0.413810
0.413831
0.413851
0.413871
0.413890
0.413908
0.413926
0.413942
0.413957
0.413970
0.413977
0.414011
0.414052
0.414090
0.414124
0.414154
0.414183
0.414209
0.414228
0.414244
0.414259
0.414274
0.414287
0.414299
0.414308
0.414315
0.414319
0.414321
0.414321
0.414319
0.414315
0.414308
0.414277
0.414248
0.414220
0.414192
0.414165
0.414139
0.414115
0.414094
0.414077
0.413983
0.413858
0.413723
0.413581
0.413436
0.413289
0.413140
0.412991
0.412843
0.412698
0.412555
0.412416
0.412288
0.412167
0.412053
0.411944
0.411840
0.411741
0.411647
0.411557
0.411471
0.411389
0.411310
0.411234
0.411160
0.411091
0.411025
0.411095
0.411193
0.411298
0.411399
0.411495
0.411582
0.411664
0.411738
0.411806
0.411868
0.411925
0.411977
0.412024
0.412067
0.412099
0.412124
0.412147
0.412169
0.412192
0.412216
0.412240
0.412274
0.412309
0.412344
0.412376
0.412389
0.412386
0.412378
0.412363
0.412356
0.412355
0.412355
0.412352
0.412347
0.412339
0.412325
0.412310
0.412296
0.412283
0.412269
0.412254
0.412238
0.412221
0.412202
0.412182
0.412161
0.412140
0.412116
0.412323
0.412507
0.412643
0.412826
0.412981
0.413089
0.413152
0.413170
0.413155
0.413115
0.413047
0.413129
0.413247
0.413374
0.413510
0.413644
0.413770
0.413886
0.413988
0.414075
0.414147
0.414202
0.414240
0.414260
0.414261
0.414244
0.414207
0.414151
0.414106
0.414096
0.414095
0.414088
0.414069
0.414027
0.413983
0.413944
0.413910
0.413879
0.413848
0.413824
0.413811
0.413805
0.413802
0.413792
0.413778
0.413703
0.413657
0.413615
0.413568
0.413512
0.413446
0.413375
0.413300
0.413224
0.413148
0.413087
0.413021
0.412957
0.412897
0.412843
0.412796
0.412755
0.412720
0.412691
0.412668
0.412649
0.412636
0.412627
0.412622
0.412620
0.412621
0.412625
0.412634
0.412652
0.412667
0.412683
0.412699
0.412716
0.412734
0.412752
0.412770
0.412788
0.412807
0.412810
0.412821
0.412826
0.412826
0.412830
0.412839
0.412852
0.412869
0.412899
0.412932
0.412959
0.412985
0.413011
0.413039
0.413067
0.413097
0.413127
0.413158
0.413189
0.413220
0.413250
0.413281
0.413311
0.413340
0.413367
0.413387
0.413392
0.413407
0.413426
0.413448
0.413481
0.413515
0.413536
0.413552
0.413566
0.413581
0.413595
0.413609
0.413623
0.413635
0.413636
0.413646
0.413657
0.413668
0.413679
0.413688
0.413697
0.413704
0.413710
0.413713
0.413714
0.413712
0.413707
0.413699
0.413688
0.413674
0.413656
0.413637
0.413612
0.413622
0.413642
0.413664
0.413689
0.413713
0.413733
0.413752
0.413769
0.413785
0.413795
0.413806
0.413812
0.413816
0.413819
0.413821
0.413821
0.413819
0.413815
0.413810
0.413804
0.413797
0.413791
0.413788
0.413705
0.413592
0.413464
0.413326
0.413184
0.413040
0.412896
0.412751
0.412609
0.412468
0.412329
0.412193
0.412060
0.411930
0.411817
0.411709
0.411606
0.411505
0.411405
0.411308
0.411218
0.411134
0.411058
0.411085
0.411124
0.411163
0.411200
0.411234
0.411265
0.411376
0.411494
0.411606
0.411710
0.411805
0.411893
0.411973
0.412047
0.412114
0.412175
0.412231
0.412283
0.412324
0.412357
0.412387
0.412409
0.412431
0.412454
0.412478
0.412483
0.412479
0.412473
0.412470
0.412470
0.412469
0.412469
0.412458
0.412453
0.412452
0.412451
0.412450
0.412447
0.412441
0.412428
0.412412
0.412395
0.412378
0.412361
0.412344
0.412328
0.412311
0.412292
0.412273
0.412253
0.412233
0.412214
0.412345
0.412505
0.412642
0.412734
0.412776
0.412878
0.413029
0.413122
0.413147
0.413116
0.413067
0.413162
0.413285
0.413411
0.413545
0.413677
0.413802
0.413916
0.414018
0.414106
0.414180
0.414239
0.414280
0.414303
0.414307
0.414293
0.414260
0.414209
0.414140
0.414054
0.413971
0.413938
0.413894
0.413841
0.413813
0.413795
0.413775
0.413754
0.413734
0.413722
0.413715
0.413715
0.413718
0.413719
0.413721
0.413645
0.413599
0.413558
0.413513
0.413456
0.413392
0.413322
0.413249
0.413176
0.413102
0.413030
0.412975
0.412914
0.412856
0.412803
0.412757
0.412716
0.412682
0.412654
0.412632
0.412615
0.412603
0.412595
0.412591
0.412591
0.412593
0.412598
0.412605
0.412617
0.412634
0.412650
0.412667
0.412684
0.412702
0.412720
0.412725
0.412737
0.412752
0.412768
0.412784
0.412795
0.412801
0.412809
0.412819
0.412833
0.412850
0.412871
0.412908
0.412940
0.412966
0.412991
0.413017
0.413045
0.413074
0.413103
0.413134
0.413165
0.413195
0.413226
0.413256
0.413274
0.413302
0.413331
0.413353
0.413374
0.413396
0.413421
0.413457
0.413483
0.413501
0.413516
0.413530
0.413542
0.413556
0.413569
0.413581
0.413582
0.413595
0.413609
0.413624
0.413637
0.413650
0.413662
0.413672
0.413680
0.413687
0.413691
0.413692
0.413691
0.413688
0.413681
0.413670
0.413655
0.413637
0.413614
0.413586
0.413549
0.413550
0.413569
0.413591
0.413613
0.413638
0.413658
0.413677
0.413695
0.413708
0.413717
0.413722
0.413724
0.413722
0.413720
0.413716
0.413712
0.413708
0.413704
0.413697
0.413688
0.413678
0.413669
0.413662
0.413574
0.413458
0.413326
0.413186
0.413042
0.412927
0.412815
0.412701
0.412584
0.412463
0.412339
0.412214
0.412089
0.411965
0.411843
0.411724
0.411608
0.411498
0.411478
0.411473
0.411473
0.411476
0.411552
0.411639
0.411724
0.411806
0.411884
0.411957
0.412027
0.412093
0.412155
0.412214
0.412269
0.412320
0.412366
0.412397
0.412413
0.412420
0.412429
0.412434
0.412434
0.412433
0.412427
0.412419
0.412411
0.412408
0.412419
0.412437
0.412457
0.412477
0.412499
0.412521
0.412518
0.412502
0.412485
0.412471
0.412449
0.412436
0.412428
0.412420
0.412409
0.412395
0.412375
0.412354
0.412332
0.412310
0.412288
0.412265
0.412240
0.412214
0.412184
0.412154
0.412127
0.412100
0.412201
0.412375
0.412542
0.412677
0.412794
0.412893
0.412988
0.413080
0.413167
0.413249
0.413324
0.413391
0.413465
0.413536
0.413599
0.413655
0.413698
0.413726
0.413754
0.413773
0.413785
0.413795
0.413806
0.413804
0.413799
0.413795
0.413792
0.413791
0.413791
0.413793
0.413797
0.413803
0.413810
0.413819
0.413829
0.413840
0.413853
0.413866
0.413881
0.413896
0.413918
0.413943
0.413970
0.413995
0.414018
0.414038
0.413942
0.413817
0.413677
0.413528
0.413375
0.413224
0.413086
0.412957
0.412838
0.412728
0.412627
0.412533
0.412445
0.412362
0.412283
0.412207
0.412133
0.412061
0.411990
0.411919
0.411848
0.411777
0.411706
0.411633
0.411560
0.411486
0.411412
0.411338
0.411264
0.411190
0.411116
0.411041
0.410970
0.410900
0.410830
0.410761
0.410691
0.410620
0.410796
0.410998
0.411189
0.411361
0.411520
0.411669
0.411808
0.411939
0.412061
0.412176
0.412284
0.412386
0.412482
0.412573
0.412658
0.412739
0.412816
0.412888
0.412957
0.413022
0.413084
0.413142
0.413197
0.413249
0.413297
0.413337
0.413375
0.413412
0.413450
0.413488
0.413526
0.413563
0.413599
0.413633
0.413666
0.413700
0.413734
0.413767
0.413799
0.413829
0.413858
0.413881
0.413901
0.413921
0.413941
0.413960
0.413978
0.413995
0.414009
0.414022
0.414032
0.414042
0.414080
0.414124
0.414165
0.414201
0.414233
0.414261
0.414286
0.414307
0.414322
0.414335
0.414347
0.414357
0.414366
0.414373
0.414378
0.414381
0.414382
0.414381
0.414377
0.414371
0.414364
0.414354
0.414319
0.414284
0.414251
0.414219
0.414188
0.414160
0.414135
0.414115
0.414020
0.413894
0.413755
0.413612
0.413466
0.413319
0.413172
0.413025
0.412880
0.412737
0.412594
0.412449
0.412311
0.412180
0.412054
0.411934
0.411821
0.411714
0.411613
0.411517
0.411426
0.411340
0.411259
0.411181
0.411107
0.411035
0.410969
0.410905
0.410987
0.411102
0.411224
0.411338
0.411443
0.411538
0.411624
0.411703
0.411774
0.411863
0.411948
0.412027
0.412099
0.412159
0.412209
0.412255
0.412298
0.412339
0.412377
0.412413
0.412441
0.412457
0.412464
0.412469
0.412470
0.412483
0.412502
0.412517
0.412516
0.412507
0.412496
0.412475
0.412459
0.412443
0.412422
0.412400
0.412385
0.412372
0.412358
0.412343
0.412327
0.412310
0.412291
0.412271
0.412249
0.412227
0.412205
0.412346
0.412516
0.412663
0.412787
0.412885
0.412972
0.413056
0.413138
0.413212
0.413284
0.413352
0.413426
0.413496
0.413553
0.413603
0.413641
0.413674
0.413693
0.413703
0.413710
0.413718
0.413714
0.413709
0.413707
0.413706
0.413707
0.413710
0.413714
0.413719
0.413726
0.413734
0.413743
0.413754
0.413766
0.413779
0.413792
0.413807
0.413823
0.413839
0.413861
0.413887
0.413914
0.413939
0.413962
0.413982
0.413885
0.413757
0.413614
0.413463
0.413308
0.413154
0.413004
0.412869
0.412745
0.412633
0.412530
0.412436
0.412348
0.412265
0.412187
0.412112
0.412040
0.411969
0.411900
0.411831
0.411762
0.411693
0.411623
0.411552
0.411480
0.411408
0.411335
0.411263
0.411190
0.411117
0.411043
0.410973
0.410905
0.410837
0.410768
0.410699
0.410629
0.410804
0.411004
0.411199
0.411376
0.411532
0.411676
0.411811
0.411937
0.412056
0.412168
0.412273
0.412372
0.412466
0.412554
0.412638
0.412718
0.412793
0.412864
0.412932
0.412997
0.413058
0.413116
0.413171
0.413223
0.413274
0.413321
0.413360
0.413397
0.413433
0.413470
0.413508
0.413544
0.413580
0.413615
0.413649
0.413682
0.413715
0.413742
0.413765
0.413787
0.413810
0.413832
0.413855
0.413876
0.413898
0.413918
0.413938
0.413957
0.413975
0.413992
0.414007
0.414021
0.414034
0.414044
0.414058
0.414090
0.414125
0.414157
0.414184
0.414208
0.414228
0.414244
0.414259
0.414274
0.414286
0.414298
0.414306
0.414313
0.414318
0.414321
0.414323
0.414322
0.414320
0.414315
0.414285
0.414258
0.414231
0.414204
0.414178
0.414154
0.414131
0.414111
0.414095
0.414001
0.413878
0.413744
0.413603
0.413458
0.413312
0.413166
0.413018
0.412871
0.412727
0.412585
0.412453
0.412329
0.412210
0.412097
0.411989
0.411886
0.411788
0.411694
0.411604
0.411518
0.411436
0.411357
0.411280
0.411206
0.411137
0.411070
0.411138
0.411236
0.411338
0.411437
0.411530
0.411616
0.411694
0.411766
0.411832
0.411891
0.411947
0.411998
0.412044
0.412087
0.412119
0.412144
0.412166
0.412188
0.412211
0.412235
0.412270
0.412306
0.412342
0.412376
0.412406
0.412412
0.412406
0.412399
0.412385
0.412379
0.412378
0.412378
0.412376
0.412371
0.412363
0.412349
0.412334
0.412320
0.412307
0.412294
0.412280
0.412264
0.412247
0.412228
0.412208
0.412188
0.412167
0.412146
0.412322
0.412486
0.412612
0.412692
0.412752
0.412842
0.412909
0.412983
0.413061
0.413132
0.413195
0.413253
0.413305
0.413374
0.413443
0.413508
0.413566
0.413618
0.413663
0.413696
0.413718
0.413736
0.413754
0.413774
0.413790
0.413788
0.413781
0.413772
0.413764
0.413757
0.413750
0.413746
0.413743
0.413743
0.413745
0.413749
0.413755
0.413761
0.413770
0.413784
0.413803
0.413825
0.413848
0.413871
0.413894
0.413801
0.413668
0.413512
0.413346
0.413177
0.413010
0.412847
0.412689
0.412539
0.412406
0.412287
0.412179
0.412081
0.411992
0.411912
0.411839
0.411771
0.411708
0.411648
0.411589
0.411532
0.411476
0.411419
0.411362
0.411305
0.411247
0.411188
0.411129
0.411070
0.411011
0.410951
0.410891
0.410829
0.410770
0.410713
0.410655
0.410597
0.410537
0.410720
0.410927
0.411123
0.411299
0.411461
0.411613
0.411755
0.411888
0.412012
0.412129
0.412239
0.412342
0.412439
0.412530
0.412616
0.412698
0.412775
0.412848
0.412917
0.412981
0.413043
0.413102
0.413158
0.413212
0.413263
0.413304
0.413344
0.413382
0.413421
0.413460
0.413498
0.413535
0.413571
0.413605
0.413639
0.413672
0.413705
0.413736
0.413760
0.413781
0.413802
0.413822
0.413842
0.413862
0.413881
0.413899
0.413916
0.413932
0.413947
0.413961
0.413973
0.413984
0.413989
0.414013
0.414048
0.414083
0.414114
0.414141
0.414165
0.414185
0.414201
0.414217
0.414231
0.414244
0.414256
0.414267
0.414273
0.414278
0.414282
0.414283
0.414282
0.414280
0.414251
0.414224
0.414200
0.414177
0.414153
0.414129
0.414106
0.414084
0.414066
0.414052
0.413960
0.413839
0.413706
0.413565
0.413421
0.413273
0.413124
0.412976
0.412829
0.412685
0.412543
0.412405
0.412278
0.412159
0.412045
0.411937
0.411834
0.411736
0.411642
0.411553
0.411467
0.411385
0.411306
0.411230
0.411156
0.411084
0.411006
0.411074
0.411173
0.411279
0.411382
0.411479
0.411568
0.411650
0.411724
0.411792
0.411854
0.411911
0.411962
0.412009
0.412051
0.412084
0.412108
0.412154
0.412201
0.412246
0.412289
0.412330
0.412368
0.412400
0.412422
0.412422
0.412410
0.412396
0.412387
0.412401
0.412413
0.412419
0.412422
0.412421
0.412419
0.412412
0.412398
0.412383
0.412368
0.412353
0.412338
0.412323
0.412308
0.412291
0.412273
0.412254
0.412234
0.412215
0.412195
0.412349
0.412507
0.412633
0.412711
0.412736
0.412890
0.413030
0.413114
0.413127
0.413104
0.413037
0.413124
0.413244
0.413372
0.413510
0.413645
0.413772
0.413889
0.413994
0.414086
0.414162
0.414221
0.414263
0.414286
0.414291
0.414279
0.414249
0.414200
0.414133
0.414049
0.413987
0.413958
0.413915
0.413864
0.413831
0.413808
0.413783
0.413761
0.413742
0.413730
0.413718
0.413708
0.413706
0.413708
0.413709
0.413652
0.413612
0.413572
0.413527
0.413471
0.413407
0.413338
0.413265
0.413191
0.413118
0.413046
0.412991
0.412931
0.412872
0.412819
0.412773
0.412732
0.412698
0.412670
0.412648
0.412631
0.412619
0.412611
0.412608
0.412607
0.412610
0.412615
0.412622
0.412634
0.412651
0.412668
0.412684
0.412701
0.412719
0.412737
0.412755
0.412760
0.412771
0.412786
0.412800
0.412811
0.412815
0.412821
0.412831
0.412844
0.412861
0.412880
0.412916
0.412954
0.412982
0.413007
0.413034
0.413061
0.413090
0.413120
0.413150
0.413181
0.413212
0.413242
0.413273
0.413302
0.413331
0.413347
0.413365
0.413384
0.413405
0.413429
0.413464
0.413497
0.413518
0.413534
0.413549
0.413563
0.413577
0.413591
0.413605
0.413607
0.413620
0.413636
0.413651
0.413666
0.413680
0.413693
0.413705
0.413715
0.413724
0.413729
0.413732
0.413732
0.413730
0.413725
0.413716
0.413704
0.413688
0.413668
0.413643
0.413611
0.413575
0.413607
0.413636
0.413662
0.413691
0.413714
0.413733
0.413750
0.413767
0.413777
0.413786
0.413791
0.413791
0.413788
0.413785
0.413780
0.413776
0.413772
0.413765
0.413756
0.413746
0.413736
0.413727
0.413639
0.413523
0.413392
0.413253
0.413110
0.412965
0.412819
0.412674
0.412530
0.412409
0.412293
0.412178
0.412063
0.411949
0.411835
0.411724
0.411615
0.411511
0.411410
0.411315
0.411312
0.411326
0.411343
0.411361
0.411455
0.411556
0.411655
0.411748
0.411836
0.411918
0.411994
0.412065
0.412129
0.412188
0.412242
0.412292
0.412337
0.412378
0.412404
0.412417
0.412428
0.412427
0.412430
0.412440
0.412452
0.412466
0.412482
0.412497
0.412499
0.412492
0.412483
0.412477
0.412472
0.412457
0.412448
0.412444
0.412441
0.412436
0.412428
0.412419
0.412408
0.412395
0.412375
0.412354
0.412334
0.412315
0.412295
0.412274
0.412252
0.412229
0.412203
0.412186
0.412152
0.412119
0.412238
0.412417
0.412586
0.412716
0.412795
0.412821
0.412916
0.413006
0.413038
0.413018
0.412980
0.413074
0.413196
0.413323
0.413457
0.413588
0.413712
0.413827
0.413930
0.414020
0.414094
0.414152
0.414193
0.414217
0.414222
0.414209
0.414179
0.414130
0.414064
0.414019
0.414003
0.413995
0.413983
0.413946
0.413901
0.413870
0.413846
0.413824
0.413805
0.413790
0.413786
0.413777
0.413770
0.413768
0.413766
0.413759
0.413693
0.413654
0.413616
0.413568
0.413509
0.413443
0.413372
0.413297
0.413222
0.413146
0.413087
0.413021
0.412956
0.412897
0.412844
0.412797
0.412757
0.412723
0.412694
0.412672
0.412654
0.412642
0.412633
0.412629
0.412628
0.412629
0.412634
0.412638
0.412646
0.412655
0.412665
0.412675
0.412686
0.412697
0.412709
0.412709
0.412713
0.412716
0.412725
0.412735
0.412741
0.412740
0.412742
0.412748
0.412759
0.412772
0.412789
0.412807
0.412828
0.412849
0.412873
0.412901
0.412932
0.412978
0.413024
0.413068
0.413112
0.413149
0.413183
0.413215
0.413245
0.413275
0.413304
0.413327
0.413349
0.413372
0.413396
0.413409
0.413427
0.413447
0.413467
0.413488
0.413509
0.413532
0.413556
0.413592
0.413627
0.413658
0.413677
0.413691
0.413693
0.413703
0.413714
0.413724
0.413732
0.413738
0.413742
0.413745
0.413747
0.413748
0.413746
0.413743
0.413736
0.413726
0.413712
0.413696
0.413678
0.413656
0.413631
0.413601
0.413562
0.413555
0.413564
0.413577
0.413589
0.413598
0.413605
0.413610
0.413613
0.413614
0.413614
0.413612
0.413607
0.413600
0.413592
0.413583
0.413594
0.413605
0.413624
0.413643
0.413594
0.413507
0.413442
0.413390
0.413339
0.413286
0.413231
0.413173
0.413115
0.413056
0.412998
0.412942
0.412887
0.412835
0.412786
0.412739
0.412696
0.412657
0.412620
0.412596
0.412574
0.412552
0.412538
0.412527
0.412515
0.412501
0.412490
0.412482
0.412477
0.412475
0.412474
0.412475
0.412463
0.412456
0.412457
0.412459
0.412468
0.412474
0.412480
0.412483
0.412485
0.412479
0.412472
0.412465
0.412460
0.412458
0.412456
0.412458
0.412478
0.412502
0.412527
0.412551
0.412574
0.412589
0.412592
0.412588
0.412584
0.412580
0.412576
0.412561
0.412550
0.412538
0.412520
0.412500
0.412480
0.412460
0.412442
0.412424
0.412408
0.412390
0.412382
0.412375
0.412366
0.412341
0.412315
0.412436
0.412587
0.412718
0.412806
0.412845
0.412856
0.412908
0.413001
0.413099
0.413185
0.413261
0.413347
0.413428
0.413502
0.413569
0.413630
0.413684
0.413733
0.413775
0.413803
0.413822
0.413838
0.413855
0.413871
0.413882
0.413889
0.413877
0.413863
0.413850
0.413839
0.413829
0.413822
0.413816
0.413812
0.413811
0.413811
0.413812
0.413816
0.413821
0.413832
0.413849
0.413870
0.413892
0.413915
0.413936
0.413840
0.413705
0.413547
0.413380
0.413210
0.413042
0.412878
0.412720
0.412578
0.412450
0.412333
0.412226
0.412127
0.412037
0.411955
0.411881
0.411812
0.411746
0.411684
0.411624
0.411565
0.411507
0.411449
0.411391
0.411332
0.411273
0.411213
0.411154
0.411094
0.411034
0.410974
0.410913
0.410852
0.410793
0.410735
0.410678
0.410619
0.410560
0.410499
0.410684
0.410888
0.411081
0.411260
0.411427
0.411584
0.411730
0.411867
0.411995
0.412114
0.412227
0.412332
0.412431
0.412525
0.412612
0.412695
0.412773
0.412847
0.412917
0.412982
0.413044
0.413102
0.413157
0.413209
0.413252
0.413292
0.413331
0.413371
0.413410
0.413449
0.413487
0.413523
0.413558
0.413591
0.413625
0.413658
0.413691
0.413723
0.413747
0.413768
0.413788
0.413808
0.413827
0.413846
0.413865
0.413882
0.413898
0.413914
0.413928
0.413938
0.413969
0.414012
0.414055
0.414093
0.414126
0.414157
0.414186
0.414211
0.414234
0.414249
0.414265
0.414279
0.414292
0.414303
0.414313
0.414319
0.414324
0.414325
0.414324
0.414321
0.414316
0.414284
0.414256
0.414228
0.414200
0.414174
0.414147
0.414122
0.414099
0.414080
0.414064
0.413970
0.413847
0.413712
0.413571
0.413424
0.413275
0.413125
0.412976
0.412829
0.412685
0.412543
0.412405
0.412278
0.412157
0.412044
0.411935
0.411832
0.411733
0.411640
0.411550
0.411465
0.411383
0.411304
0.411228
0.411155
0.411083
0.411005
0.411074
0.411173
0.411279
0.411383
0.411480
0.411569
0.411651
0.411726
0.411794
0.411857
0.411913
0.411965
0.412012
0.412055
0.412088
0.412112
0.412134
0.412157
0.412179
0.412203
0.412226
0.412249
0.412283
0.412317
0.412350
0.412366
0.412364
0.412356
0.412339
0.412331
0.412330
0.412329
0.412326
0.412320
0.412312
0.412297
0.412281
0.412267
0.412253
0.412239
0.412224
0.412208
0.412190
0.412170
0.412150
0.412128
0.412107
0.412082
0.412354
0.412578
0.412739
0.412938
0.413103
0.413217
0.413284
0.413301
0.413243
0.413163
0.413078
0.413161
0.413279
0.413406
0.413541
0.413673
0.413799
0.413915
0.414018
0.414102
0.414156
0.414193
0.414215
0.414225
0.414222
0.414204
0.414172
0.414121
0.414051
0.414010
0.413994
0.413984
0.413946
0.413890
0.413842
0.413813
0.413789
0.413768
0.413750
0.413736
0.413724
0.413717
0.413711
0.413700
0.413694
0.413639
0.413602
0.413562
0.413518
0.413465
0.413401
0.413332
0.413260
0.413186
0.413112
0.413040
0.412984
0.412923
0.412863
0.412809
0.412761
0.412719
0.412684
0.412654
0.412630
0.412612
0.412598
0.412588
0.412583
0.412581
0.412582
0.412585
0.412594
0.412608
0.412623
0.412638
0.412654
0.412671
0.412688
0.412706
0.412723
0.412729
0.412740
0.412755
0.412771
0.412782
0.412787
0.412794
0.412805
0.412819
0.412837
0.412858
0.412893
0.412925
0.412952
0.412977
0.413003
0.413030
0.413059
0.413089
0.413119
0.413149
0.413179
0.413210
0.413239
0.413268
0.413285
0.413310
0.413329
0.413348
0.413369
0.413391
0.413426
0.413458
0.413478
0.413493
0.413506
0.413519
0.413532
0.413544
0.413557
0.413557
0.413569
0.413582
0.413595
0.413607
0.413619
0.413630
0.413639
0.413647
0.413652
0.413656
0.413657
0.413656
0.413651
0.413643
0.413632
0.413619
0.413603
0.413584
0.413560
0.413574
0.413600
0.413624
0.413649
0.413673
0.413697
0.413716
0.413733
0.413747
0.413757
0.413767
0.413772
0.413773
0.413772
0.413770
0.413768
0.413766
0.413764
0.413759
0.413752
0.413744
0.413733
0.413725
0.413718
0.413632
0.413517
0.413386
0.413246
0.413103
0.412957
0.412810
0.412664
0.412518
0.412375
0.412252
0.412135
0.412020
0.411905
0.411791
0.411680
0.411572
0.411467
0.411367
0.411358
0.411365
0.411376
0.411389
0.411476
0.411573
0.411667
0.411757
0.411841
0.411921
0.411996
0.412066
0.412131
0.412191
0.412246
0.412296
0.412342
0.412378
0.412398
0.412406
0.412409
0.412412
0.412412
0.412408
0.412417
0.412431
0.412448
0.412455
0.412450
0.412443
0.412437
0.412433
0.412430
0.412427
0.412424
0.412411
0.412405
0.412403
0.412401
0.412398
0.412392
0.412385
0.412374
0.412357
0.412339
0.412322
0.412306
0.412289
0.412273
0.412254
0.412234
0.412212
0.412189
0.412165
0.412141
0.412212
0.412370
0.412539
0.412679
0.412758
0.412812
0.412872
0.412965
0.413065
0.413150
0.413226
0.413296
0.413375
0.413450
0.413518
0.413579
0.413632
0.413678
0.413712
0.413731
0.413742
0.413753
0.413765
0.413781
0.413781
0.413774
0.413767
0.413761
0.413757
0.413754
0.413753
0.413753
0.413756
0.413761
0.413767
0.413774
0.413783
0.413793
0.413805
0.413817
0.413836
0.413860
0.413886
0.413912
0.413936
0.413958
0.413863
0.413733
0.413584
0.413427
0.413266
0.413108
0.412953
0.412813
0.412684
0.412566
0.412456
0.412355
0.412263
0.412179
0.412100
0.412026
0.411955
0.411888
0.411821
0.411756
0.411692
0.411627
0.411562
0.411497
0.411430
0.411363
0.411296
0.411229
0.411161
0.411094
0.411026
0.410957
0.410891
0.410827
0.410764
0.410699
0.410634
0.410568
0.410747
0.410952
0.411145
0.411319
0.411480
0.411630
0.411770
0.411902
0.412026
0.412141
0.412250
0.412353
0.412449
0.412540
0.412626
0.412707
0.412784
0.412857
0.412925
0.412991
0.413052
0.413110
0.413165
0.413217
0.413267
0.413307
0.413345
0.413383
0.413421
0.413459
0.413497
0.413534
0.413569
0.413603
0.413636
0.413669
0.413703
0.413732
0.413756
0.413777
0.413799
0.413821
0.413842
0.413862
0.413882
0.413902
0.413920
0.413938
0.413954
0.413969
0.413983
0.413993
0.414018
0.414057
0.414094
0.414128
0.414159
0.414185
0.414211
0.414230
0.414247
0.414262
0.414277
0.414291
0.414303
0.414312
0.414319
0.414324
0.414326
0.414326
0.414325
0.414321
0.414315
0.414284
0.414255
0.414227
0.414199
0.414172
0.414147
0.414122
0.414102
0.414085
0.413991
0.413867
0.413732
0.413590
0.413445
0.413298
0.413151
0.413003
0.412856
0.412710
0.412568
0.412429
0.412301
0.412180
0.412066
0.411957
0.411854
0.411755
0.411661
0.411572
0.411486
0.411404
0.411326
0.411250
0.411176
0.411108
0.411042
0.411112
0.411209
0.411313
0.411414
0.411508
0.411595
0.411675
0.411748
0.411816
0.411878
0.411934
0.411986
0.412033
0.412076
0.412108
0.412133
0.412155
0.412178
0.412201
0.412225
0.412249
0.412283
0.412319
0.412354
0.412387
0.412400
0.412397
0.412390
0.412384
0.412371
0.412365
0.412363
0.412362
0.412358
0.412351
0.412337
0.412322
0.412308
0.412295
0.412281
0.412267
0.412252
0.412234
0.412216
0.412196
0.412175
0.412154
0.412132
0.412323
0.412496
0.412624
0.412701
0.412828
0.412931
0.413005
0.413046
0.413048
0.413010
0.413086
0.413182
0.413282
0.413391
0.413498
0.413599
0.413692
0.413774
0.413843
0.413899
0.413940
0.413965
0.413975
0.413968
0.413952
0.413968
0.413989
0.413999
0.414000
0.413998
0.413993
0.413972
0.413950
0.413929
0.413908
0.413888
0.413871
0.413855
0.413841
0.413834
0.413833
0.413832
0.413826
0.413810
0.413797
0.413689
0.413532
0.413348
0.413151
0.412951
0.412752
0.412558
0.412372
0.412195
0.412026
0.411877
0.411743
0.411623
0.411514
0.411417
0.411331
0.411254
0.411186
0.411124
0.411067
0.411014
0.410964
0.410916
0.410870
0.410826
0.410783
0.410740
0.410698
0.410661
0.410625
0.410590
0.410555
0.410519
0.410483
0.410444
0.410404
0.410362
0.410563
0.410788
0.411006
0.411202
0.411378
0.411539
0.411689
0.411829
0.411960
0.412083
0.412199
0.412307
0.412409
0.412505
0.412595
0.412680
0.412761
0.412837
0.412908
0.412976
0.413042
0.413104
0.413165
0.413223
0.413279
0.413331
0.413375
0.413415
0.413456
0.413497
0.413537
0.413577
0.413616
0.413653
0.413688
0.413723
0.413757
0.413791
0.413824
0.413848
0.413869
0.413889
0.413909
0.413928
0.413946
0.413964
0.413980
0.413995
0.414009
0.414022
0.414033
0.414042
0.414049
0.414055
0.414057
0.414051
0.414095
0.414138
0.414177
0.414204
0.414227
0.414249
0.414270
0.414287
0.414299
0.414310
0.414318
0.414325
0.414330
0.414334
0.414337
0.414338
0.414337
0.414335
0.414332
0.414302
0.414276
0.414250
0.414224
0.414200
0.414176
0.414157
0.414141
0.414048
0.413927
0.413794
0.413655
0.413513
0.413369
0.413224
0.413081
0.412939
0.412800
0.412668
0.412542
0.412421
0.412305
0.412195
0.412089
0.411987
0.411891
0.411798
0.411710
0.411625
0.411543
0.411465
0.411389
0.411315
0.411243
0.411176
0.411110
0.411038
0.411108
0.411204
0.411308
0.411408
0.411501
0.411588
0.411667
0.411739
0.411806
0.411867
0.411923
0.411974
0.412014
0.412046
0.412075
0.412103
0.412132
0.412160
0.412189
0.412228
0.412268
0.412307
0.412343
0.412376
0.412405
0.412409
0.412400
0.412390
0.412372
0.412363
0.412358
0.412354
0.412345
0.412329
0.412313
0.412297
0.412282
0.412267
0.412251
0.412234
0.412215
0.412195
0.412173
0.412151
0.412129
0.412108
0.412376
0.412599
0.412763
0.412867
0.413025
0.413165
0.413268
0.413306
0.413262
0.413173
0.413086
0.412982
0.413072
0.413210
0.413370
0.413533
0.413692
0.413841
0.413977
0.414098
0.414202
0.414288
0.414357
0.414407
0.414438
0.414447
0.414436
0.414404
0.414353
0.414282
0.414191
0.414114
0.414077
0.414049
0.413997
0.413919
0.413880
0.413848
0.413821
0.413801
0.413787
0.413774
0.413764
0.413754
0.413739
0.413689
0.413647
0.413603
0.413554
0.413496
0.413429
0.413357
0.413281
0.413204
0.413128
0.413067
0.413001
0.412937
0.412877
0.412824
0.412777
0.412737
0.412702
0.412674
0.412651
0.412633
0.412621
0.412612
0.412608
0.412607
0.412609
0.412613
0.412624
0.412642
0.412658
0.412674
0.412691
0.412709
0.412727
0.412746
0.412765
0.412783
0.412802
0.412807
0.412818
0.412824
0.412824
0.412827
0.412837
0.412850
0.412867
0.412887
0.412921
0.412957
0.412985
0.413010
0.413037
0.413065
0.413094
0.413123
0.413153
0.413184
0.413214
0.413245
0.413275
0.413304
0.413332
0.413359
0.413378
0.413382
0.413396
0.413414
0.413434
0.413466
0.413497
0.413519
0.413535
0.413548
0.413561
0.413574
0.413587
0.413599
0.413599
0.413609
0.413620
0.413631
0.413642
0.413652
0.413661
0.413669
0.413675
0.413679
0.413681
0.413680
0.413676
0.413669
0.413660
0.413649
0.413635
0.413619
0.413601
0.413610
0.413634
0.413658
0.413684
0.413709
0.413730
0.413753
0.413769
0.413784
0.413794
0.413807
0.413814
0.413818
0.413823
0.413825
0.413826
0.413826
0.413823
0.413819
0.413814
0.413807
0.413799
0.413794
0.413790
0.413707
0.413593
0.413464
0.413325
0.413183
0.413038
0.412893
0.412748
0.412604
0.412463
0.412324
0.412188
0.412054
0.411924
0.411798
0.411688
0.411584
0.411484
0.411385
0.411289
0.411198
0.411115
0.411038
0.411061
0.411102
0.411143
0.411183
0.411219
0.411336
0.411459
0.411575
0.411682
0.411781
0.411872
0.411955
0.412031
0.412101
0.412164
0.412223
0.412276
0.412324
0.412363
0.412394
0.412421
0.412437
0.412445
0.412448
0.412464
0.412477
0.412477
0.412471
0.412466
0.412463
0.412462
0.412461
0.412460
0.412446
0.412437
0.412438
0.412439
0.412439
0.412435
0.412424
0.412410
0.412397
0.412384
0.412371
0.412357
0.412342
0.412327
0.412311
0.412293
0.412275
0.412257
0.412240
0.412274
0.412494
0.412721
0.412869
0.413038
0.413176
0.413270
0.413323
0.413303
0.413208
0.413124
0.413201
0.413307
0.413420
0.413540
0.413658
0.413770
0.413873
0.413965
0.414043
0.414106
0.414154
0.414183
0.414190
0.414179
0.414154
0.414113
0.414064
0.414061
0.414067
0.414058
0.414040
0.414021
0.413987
0.413957
0.413930
0.413907
0.413886
0.413865
0.413851
0.413847
0.413845
0.413840
0.413827
0.413812
0.413698
0.413532
0.413340
0.413134
0.412925
0.412718
0.412515
0.412321
0.412136
0.411960
0.411804
0.411664
0.411539
0.411428
0.411330
0.411243
0.411165
0.411095
0.411032
0.410973
0.410920
0.410870
0.410823
0.410778
0.410735
0.410698
0.410664
0.410632
0.410601
0.410570
0.410538
0.410506
0.410473
0.410439
0.410402
0.410364
0.410570
0.410799
0.411020
0.411226
0.411410
0.411573
0.411722
0.411861
0.411992
0.412114
0.412229
0.412337
0.412438
0.412534
0.412624
0.412709
0.412789
0.412865
0.412937
0.413005
0.413071
0.413134
0.413195
0.413254
0.413311
0.413366
0.413417
0.413460
0.413501
0.413541
0.413581
0.413622
0.413661
0.413700
0.413737
0.413773
0.413807
0.413841
0.413875
0.413901
0.413923
0.413945
0.413965
0.413985
0.414004
0.414023
0.414040
0.414056
0.414071
0.414084
0.414096
0.414106
0.414115
0.414122
0.414126
0.414127
0.414125
0.414116
0.414131
0.414157
0.414184
0.414209
0.414231
0.414250
0.414267
0.414281
0.414293
0.414303
0.414313
0.414321
0.414327
0.414332
0.414336
0.414338
0.414339
0.414337
0.414335
0.414307
0.414282
0.414257
0.414233
0.414208
0.414188
0.414171
0.414077
0.413956
0.413825
0.413686
0.413545
0.413401
0.413258
0.413115
0.412973
0.412841
0.412715
0.412595
0.412479
0.412364
0.412253
0.412146
0.412044
0.411945
0.411851
0.411761
0.411675
0.411591
0.411511
0.411433
0.411361
0.411292
0.411224
0.411157
0.411083
0.411150
0.411245
0.411346
0.411444
0.411536
0.411621
0.411699
0.411770
0.411835
0.411894
0.411948
0.411998
0.412036
0.412067
0.412095
0.412123
0.412152
0.412191
0.412233
0.412274
0.412314
0.412351
0.412385
0.412415
0.412432
0.412430
0.412421
0.412413
0.412396
0.412387
0.412383
0.412379
0.412370
0.412355
0.412338
0.412323
0.412308
0.412293
0.412277
0.412260
0.412242
0.412222
0.412201
0.412179
0.412157
0.412129
0.412390
0.412607
0.412766
0.412863
0.413009
0.413134
0.413224
0.413254
0.413203
0.413116
0.413034
0.413120
0.413244
0.413376
0.413518
0.413658
0.413790
0.413911
0.414019
0.414112
0.414191
0.414251
0.414283
0.414294
0.414291
0.414275
0.414244
0.414194
0.414125
0.414054
0.414032
0.414020
0.414007
0.413967
0.413908
0.413863
0.413833
0.413808
0.413786
0.413770
0.413758
0.413749
0.413745
0.413743
0.413729
0.413657
0.413613
0.413570
0.413523
0.413467
0.413401
0.413330
0.413256
0.413180
0.413105
0.413031
0.412975
0.412914
0.412854
0.412799
0.412752
0.412710
0.412676
0.412647
0.412624
0.412606
0.412594
0.412586
0.412582
0.412581
0.412584
0.412589
0.412599
0.412617
0.412633
0.412650
0.412668
0.412686
0.412705
0.412724
0.412743
0.412762
0.412767
0.412779
0.412793
0.412803
0.412806
0.412812
0.412823
0.412837
0.412854
0.412875
0.412910
0.412946
0.412974
0.412999
0.413026
0.413054
0.413083
0.413113
0.413144
0.413175
0.413206
0.413237
0.413267
0.413296
0.413325
0.413352
0.413358
0.413373
0.413391
0.413411
0.413433
0.413467
0.413500
0.413520
0.413535
0.413548
0.413561
0.413574
0.413587
0.413599
0.413599
0.413610
0.413622
0.413634
0.413645
0.413656
0.413665
0.413673
0.413679
0.413683
0.413685
0.413684
0.413680
0.413673
0.413663
0.413650
0.413635
0.413616
0.413596
0.413585
0.413605
0.413630
0.413654
0.413678
0.413704
0.413723
0.413742
0.413757
0.413767
0.413779
0.413788
0.413792
0.413797
0.413798
0.413798
0.413797
0.413794
0.413790
0.413784
0.413776
0.413768
0.413762
0.413757
0.413674
0.413559
0.413429
0.413291
0.413147
0.413002
0.412856
0.412711
0.412567
0.412425
0.412284
0.412147
0.412028
0.411915
0.411805
0.411698
0.411593
0.411490
0.411393
0.411299
0.411205
0.411209
0.411234
0.411262
0.411290
0.411394
0.411505
0.411611
0.411709
0.411800
0.411883
0.411960
0.412031
0.412097
0.412157
0.412212
0.412262
0.412309
0.412350
0.412388
0.412415
0.412434
0.412446
0.412456
0.412455
0.412448
0.412430
0.412420
0.412418
0.412419
0.412419
0.412417
0.412415
0.412412
0.412419
0.412420
0.412404
0.412391
0.412384
0.412380
0.412374
0.412365
0.412348
0.412331
0.412315
0.412300
0.412284
0.412268
0.412259
0.412242
